{
    "calib": [
        {
            "aperture": 180,
            "ellipse": [
                561.4058789176344,
                767.6805791542414,
                761.9093397576557,
                722.0846763223104,
                0.31907210289201937,
                1.4380443871811273
            ],
            "cameraMatrix": [
                [
                    547.3816924708734,
                    0.0,
                    561.4058789176344
                ],
                [
                    0.0,
                    547.3816924708734,
                    767.6805791542414
                ],
                [
                    0.0,
                    0.0,
                    1.0
                ]
            ],
            "t": [
                [
                    0.02961615558018613
                ],
                [
                    -0.0002708200910139693
                ],
                [
                    0.05638839741135966
                ]
            ],
            "R": [
                [
                    1.0000000000000002,
                    -1.382899871005261e-16,
                    1.4279577886344534e-16
                ],
                [
                    -1.382899871005261e-16,
                    0.9999999999999998,
                    4.683753385137379e-17
                ],
                [
                    1.4279577886344534e-16,
                    4.683753385137379e-17,
                    0.9999999999999999
                ]
            ],
            "kCoeffs": [
                -0.049961069651427874,
                -0.0018462554546845877,
                0.002692096346501735,
                -0.0011531536547291932
            ],
            "fov": 102.0,
            "radius": 772.2451782226562,
            "vuzeConfig": true
        },
        {
            "aperture": 180,
            "ellipse": [
                548.2331931995644,
                773.9538533288287,
                763.5932891761521,
                720.8179487561218,
                0.3299983368377687,
                1.6208781835900266
            ],
            "cameraMatrix": [
                [
                    544.719144564189,
                    0.0,
                    548.2331931995644
                ],
                [
                    0.0,
                    544.719144564189,
                    773.9538533288287
                ],
                [
                    0.0,
                    0.0,
                    1.0
                ]
            ],
            "t": [
                [
                    -0.02969999489401998
                ],
                [
                    0.000162935852355515
                ],
                [
                    0.05763515107111548
                ]
            ],
            "R": [
                [
                    0.9994437670688665,
                    -0.016800819260655363,
                    -0.028807793031813664
                ],
                [
                    0.016731104476036766,
                    0.9998564886966362,
                    -0.002659352222773413
                ],
                [
                    0.028848338083934232,
                    0.002175886808552482,
                    0.9995814318535489
                ]
            ],
            "kCoeffs": [
                -0.037192177408859765,
                -0.012012579100624289,
                0.0053888256027496435,
                -0.0011296743316580808
            ],
            "fov": 107.0,
            "radius": 799.2097778320312,
            "vuzeConfig": true,
            "depth": {
                "mode": "linreg",
                "linreg": {
                    "order": [
                        2,
                        4
                    ],
                    "coeffs": [
                        [
                            0.08835296931400304,
                            -0.3462604239456495
                        ],
                        [
                            0.9940708547665283,
                            0.10534003525501494
                        ],
                        [
                            0.0012094255534337052,
                            -0.03362767816936309
                        ],
                        [
                            -0.17307797360779648,
                            1.2619641258279088
                        ],
                        [
                            0.11655863605211389,
                            -0.1269213821131658
                        ],
                        [
                            -0.03143576774323107,
                            0.028384767192096753
                        ],
                        [
                            0.0029756256596360337,
                            -0.0024577699610082568
                        ]
                    ],
                    "cross": false
                }
            }
        },
        {
            "aperture": 180,
            "ellipse": [
                519.8985460719011,
                788.8161761418968,
                768.0912337244268,
                731.9137519683895,
                0.30328624168174984,
                1.4775932754982704
            ],
            "cameraMatrix": [
                [
                    538.9702791610239,
                    0.0,
                    519.8985460719011
                ],
                [
                    0.0,
                    538.9702791610239,
                    788.8161761418968
                ],
                [
                    0.0,
                    0.0,
                    1.0
                ]
            ],
            "t": [
                [
                    0.02869968257394264
                ],
                [
                    -0.0007521411218128602
                ],
                [
                    0.05869992770806259
                ]
            ],
            "R": [
                [
                    0.9998999268307905,
                    0.01336837970674212,
                    0.004628471431935341
                ],
                [
                    -0.01331056455127476,
                    0.999835701240681,
                    -0.01230444618347519
                ],
                [
                    -0.004792201488483545,
                    0.012241607270781534,
                    0.9999135851944018
                ]
            ],
            "kCoeffs": [
                -0.04419283633762244,
                -0.0031488750510478758,
                0.0005686336774024653,
                -0.00021072624332138426
            ],
            "fov": 114.0,
            "radius": 814.1705932617188,
            "vuzeConfig": true
        },
        {
            "aperture": 180,
            "ellipse": [
                563.0045917532178,
                761.6686201842593,
                759.834301926164,
                718.7520996086103,
                0.32436300629001885,
                1.5344627182178474
            ],
            "cameraMatrix": [
                [
                    539.9464003330999,
                    0.0,
                    563.0045917532178
                ],
                [
                    0.0,
                    539.9464003330999,
                    761.6686201842593
                ],
                [
                    0.0,
                    0.0,
                    1.0
                ]
            ],
            "t": [
                [
                    -0.030134526430587248
                ],
                [
                    -0.0005214978067355127
                ],
                [
                    0.0592540146475402
                ]
            ],
            "R": [
                [
                    0.9995882043525222,
                    -0.002138556815411442,
                    -0.028615525402268322
                ],
                [
                    0.0017488555164838996,
                    0.9999054874387239,
                    -0.01363663060697692
                ],
                [
                    0.02864198358499392,
                    0.013580970682389226,
                    0.9994974707379912
                ]
            ],
            "kCoeffs": [
                -0.03451972405261228,
                -0.012153404004219664,
                0.004761180560501114,
                -0.0009559449452092298
            ],
            "fov": 108.0,
            "radius": 799.0888671875,
            "vuzeConfig": true,
            "depth": {
                "mode": "linreg",
                "linreg": {
                    "order": [
                        2,
                        4
                    ],
                    "coeffs": [
                        [
                            0.33722492704994256,
                            -0.18472999957136604
                        ],
                        [
                            0.9830563172309681,
                            0.12054081365063339
                        ],
                        [
                            0.00011670044132859944,
                            -0.040617027805816434
                        ],
                        [
                            -0.44084558900432963,
                            1.2080998861988188
                        ],
                        [
                            0.22381589099326826,
                            -0.14378836964484945
                        ],
                        [
                            -0.049793663267141755,
                            0.03880660017141203
                        ],
                        [
                            0.004157733684536084,
                            -0.003790396785657492
                        ]
                    ],
                    "cross": false
                }
            }
        },
        {
            "aperture": 180,
            "ellipse": [
                513.9304853811036,
                826.7732935700204,
                749.2629664051245,
                714.5502065933499,
                0.3008521571670678,
                1.5112603236393416
            ],
            "cameraMatrix": [
                [
                    541.923046961079,
                    0.0,
                    513.9304853811036
                ],
                [
                    0.0,
                    541.923046961079,
                    826.7732935700204
                ],
                [
                    0.0,
                    0.0,
                    1.0
                ]
            ],
            "t": [
                [
                    0.02771456788059344
                ],
                [
                    -0.0010482031733466193
                ],
                [
                    0.057798495453775064
                ]
            ],
            "R": [
                [
                    0.9997086416829526,
                    0.02362793093289011,
                    0.004934837814614128
                ],
                [
                    -0.023665974160229426,
                    0.9996895043507567,
                    0.007798497161971467
                ],
                [
                    -0.00474904321661949,
                    -0.007913012749168375,
                    0.9999574145021167
                ]
            ],
            "kCoeffs": [
                -0.04367993244560137,
                -0.008533218350577092,
                0.005263546187771353,
                -0.001359252716063979
            ],
            "fov": 104.0,
            "radius": 778.60888671875,
            "vuzeConfig": true
        },
        {
            "aperture": 180,
            "ellipse": [
                557.7455595742554,
                797.6648377074151,
                746.0087090528742,
                713.3618996272616,
                0.29258986072406384,
                1.6411444663726251
            ],
            "cameraMatrix": [
                [
                    545.49933556841,
                    0.0,
                    557.7455595742554
                ],
                [
                    0.0,
                    545.49933556841,
                    797.6648377074151
                ],
                [
                    0.0,
                    0.0,
                    1.0
                ]
            ],
            "t": [
                [
                    -0.030407942011222763
                ],
                [
                    9.086991071278828e-05
                ],
                [
                    0.05792233853254279
                ]
            ],
            "R": [
                [
                    0.9996213182229275,
                    0.0013265244085701898,
                    -0.02748564147423709
                ],
                [
                    -0.0013857940665443008,
                    0.9999967554356823,
                    -0.0021374500960194606
                ],
                [
                    0.02748271691558116,
                    0.0021747301214887875,
                    0.9996199131769218
                ]
            ],
            "kCoeffs": [
                -0.03834537516857511,
                -0.011600658314744251,
                0.005561528156284256,
                -0.0012177125933580135
            ],
            "fov": 106.0,
            "radius": 795.9950561523438,
            "vuzeConfig": true,
            "depth": {
                "mode": "linreg",
                "linreg": {
                    "order": [
                        2,
                        4
                    ],
                    "coeffs": [
                        [
                            0.6419449963459107,
                            -0.4917348713818049
                        ],
                        [
                            0.9744601039846701,
                            0.1234028134546677
                        ],
                        [
                            0.0026421112807309415,
                            -0.03753174434311782
                        ],
                        [
                            -0.8467620964701378,
                            1.4989517420581824
                        ],
                        [
                            0.4438080832359619,
                            -0.2567095450376609
                        ],
                        [
                            -0.10122975130006925,
                            0.057087657895954554
                        ],
                        [
                            0.008461209963428648,
                            -0.004799617901443187
                        ]
                    ],
                    "cross": false
                }
            }
        },
        {
            "aperture": 180,
            "ellipse": [
                534.0171948827929,
                761.6600358915061,
                764.5419444166308,
                721.5319425597891,
                0.3306767155717364,
                1.5494032168276184
            ],
            "cameraMatrix": [
                [
                    552.4322485126615,
                    0.0,
                    534.0171948827929
                ],
                [
                    0.0,
                    552.4322485126615,
                    761.6600358915061
                ],
                [
                    0.0,
                    0.0,
                    1.0
                ]
            ],
            "t": [
                [
                    0.027705828700952926
                ],
                [
                    0.0009522065786315519
                ],
                [
                    0.056040227987889844
                ]
            ],
            "R": [
                [
                    0.999956021053359,
                    0.008144480826700468,
                    0.004650095826736603
                ],
                [
                    -0.008194773885880337,
                    0.9999070040916959,
                    0.010900864613811935
                ],
                [
                    -0.0045608815040099875,
                    -0.010938491689116665,
                    0.9999297714137096
                ]
            ],
            "kCoeffs": [
                -0.06160539449241114,
                0.011635939031340447,
                -0.00443264199669896,
                0.00026110231957292187
            ],
            "fov": 110.0,
            "radius": 803.12353515625,
            "vuzeConfig": true
        },
        {
            "aperture": 180,
            "ellipse": [
                563.7301632387758,
                801.4155222860132,
                761.0036726296639,
                717.0863585925945,
                0.3347970146556049,
                1.6395494735354434
            ],
            "cameraMatrix": [
                [
                    542.8717042562364,
                    0.0,
                    563.7301632387758
                ],
                [
                    0.0,
                    542.8717042562364,
                    801.4155222860132
                ],
                [
                    0.0,
                    0.0,
                    1.0
                ]
            ],
            "t": [
                [
                    -0.030837958061440247
                ],
                [
                    0.0013866498512091065
                ],
                [
                    0.059304179550917546
                ]
            ],
            "R": [
                [
                    0.9995505142217704,
                    -0.006417432802562256,
                    -0.02928457059987546
                ],
                [
                    0.006765558089295714,
                    0.9999074408362792,
                    0.011804108775475296
                ],
                [
                    0.029206107969649932,
                    -0.011996929459969722,
                    0.9995014141764872
                ]
            ],
            "kCoeffs": [
                -0.03777810953075943,
                -0.010709662832047169,
                0.004716433123246555,
                -0.0010188487883489499
            ],
            "fov": 107.0,
            "radius": 798.199462890625,
            "vuzeConfig": true,
            "depth": {
                "mode": "linreg",
                "linreg": {
                    "order": [
                        2,
                        4
                    ],
                    "coeffs": [
                        [
                            0.34088840024223616,
                            -0.18627188486033017
                        ],
                        [
                            1.0080630406121667,
                            0.11973101036540103
                        ],
                        [
                            -0.0012340513433521463,
                            -0.03908107254168345
                        ],
                        [
                            -0.5027789468093798,
                            1.055807039815405
                        ],
                        [
                            0.2623339310841224,
                            -0.03551184836593157
                        ],
                        [
                            -0.05957330281437231,
                            0.01114938050876169
                        ],
                        [
                            0.00500031122968668,
                            -0.001268160573488405
                        ]
                    ],
                    "cross": false
                }
            }
        }
    ]
}