features_l = [
  -0.6940287177694057, 0.2115320476953615, -0.6881702781355512;
  -0.805269085604782, 0.400843209501988, -0.4368826171471962;
  -0.7071110540741733, 0.3249495206398142, -0.628014144937888;
  -0.7823750607159475, 0.5226310963126886, -0.3387417918366651;
  -0.6553537863903636, 0.3591208029700065, -0.6644875194749646;
  -0.7368497208833407, 0.4934363374407495, -0.4621396647413006;
  -0.6250759152566082, 0.36966608924644256, -0.6874787870380836;
  -0.6256135667664299, 0.4425754480693011, -0.6424442682786136;
  -0.6248949079632237, 0.4706291156148934, -0.6229081710309935;
  -0.6268750457974704, 0.5036495616820104, -0.5944449478075645;
  -0.6268750457974704, 0.5036495616820104, -0.5944449478075645;
  -0.7087513847860131, 0.6080165110585778, -0.3577532625205017;
  -0.6909912739738766, 0.6189563473241118, -0.37339536606545143;
  -0.6035194656211647, 0.5469935700674908, -0.5801398873730066;
  -0.5343995024097773, 0.4830536879660366, -0.693596645296525;
  -0.6679736606011527, 0.6407792614142223, -0.37843510260616664;
  -0.6679736606011527, 0.6407792614142223, -0.37843510260616664;
  -0.6408880662877541, 0.667755623519129, -0.37863559493069665;
  -0.652292383502536, 0.6834636390811712, -0.3277073396774977;
  -0.5841038462139715, 0.6146295929356596, -0.5301444711828942;
  -0.6168261099306108, 0.6947703416719414, -0.3698915009038786;
  -0.5078295103223383, 0.6840955047923154, -0.5235671196405685;
  -0.5045407825101336, 0.6904983082235393, -0.5183152372104184;
  -0.4881295000001922, 0.6995606732589799, -0.5218663197208699;
  -0.4741592250854172, 0.7004669057381105, -0.533403358849636;
  -0.45716123157201116, 0.7267148821240778, -0.5127271091398911;
  -0.3708278684027454, 0.735846774579958, -0.5665829298135875;
  -0.43672641358952874, 0.8448756817336717, -0.3089581235188541;
  -0.2679298195393925, 0.7678892811832888, -0.5818588004364982;
  -0.2523739938233168, 0.7548358363415892, -0.6054173993338495;
  -0.3876783095951403, 0.8713705135106609, -0.3006974500284656;
  -0.33711679692360075, 0.8486052117892068, -0.4077026609628237;
  -0.34124294318285503, 0.8562315700667354, -0.3878411429296223;
  -0.34124294318285503, 0.8562315700667354, -0.3878411429296223;
  -0.3357148379567901, 0.8638871526589139, -0.3754923901313056;
  -0.20070817633480015, 0.8195132868385085, -0.5367627042255293;
  -0.13172632751975347, 0.7550259826243878, -0.6423269729664451;
  -0.19376428786052644, 0.8368594260126214, -0.511978223993686;
  -0.33916894105127865, 0.8536262179364248, -0.395331139018557;
  -0.3036224760531012, 0.8695146734708381, -0.38956080995691256;
  -0.3030922837719888, 0.8641675816540069, -0.40168328112599555;
  -0.2971346583467736, 0.8588837839237735, -0.417168599635599;
  -0.269935574134433, 0.8625809071798, -0.4278889626825953;
  -0.269935574134433, 0.8625809071798, -0.4278889626825953;
  -0.23207356458862513, 0.8827946239719943, -0.40843054795800277;
  -0.22221901281865047, 0.8604528013715572, -0.4585190148224433;
  -0.18998503339939912, 0.8547881281298374, -0.4829523196885154;
  -0.1894829896168972, 0.7788651562241806, -0.5978839896382288;
  -0.16951593030295303, 0.6474417684545365, -0.7430232202522252;
  -0.14892679070258533, 0.8559574013237634, -0.4951340607654641;
  -0.12322064547336656, 0.848672204675685, -0.5143657857401085;
  -0.09654462489047606, 0.7715274239716126, -0.6288279331140474;
  -0.03856742668906289, 0.7254622937037926, -0.6871804813967114;
  -0.013539737270837116, 0.9339412687784686, -0.3571699623248026;
  -0.012568636444679683, 0.9186167097589579, -0.3949498321680208;
  -0.00422178365580096, 0.7110950393546611, -0.7030832251931179;
  -0.0027245737088277483, 0.6219680387069991, -0.783037888946042;
  0.06308497943740153, 0.717463551228213, -0.693733621809109;
  0.09089935218534902, 0.8520351002124589, -0.5155322451391658;
  0.11546770465353348, 0.8705994100998483, -0.4782508508260497;
  0.12420412137053373, 0.8952723930429419, -0.42785590856004035;
  0.14933150460998112, 0.6405212234301253, -0.753281264911384;
  0.1469612611522951, 0.9011239251987667, -0.40789466673994945;
  0.16026829145303476, 0.9333857923499529, -0.321099731226882;
  0.20690841877938868, 0.9222013951152083, -0.32670092299498754;
  0.23091408695226048, 0.7778840692114639, -0.5844442311410203;
  0.2831373625547492, 0.6092672550798383, -0.740693354778494;
  0.2820091170035381, 0.8341499258169675, -0.47398814245340826;
  0.29867140277454624, 0.6926518151334794, -0.6565278791924841;
  0.27360193294609064, 0.91617193078194, -0.29286682218280546;
  0.28198122852820695, 0.9084637972998338, -0.3085127481211912;
  0.31488554995349205, 0.7094299979201932, -0.6305205535757271;
  0.34588728352011544, 0.6351838886079164, -0.6905819392020047;
  0.3233053564702422, 0.9006020612894422, -0.29049883593373915;
  0.39890591506332507, 0.8105370996593215, -0.4288399246844286;
  0.30288618350860474, 0.6320880693182949, -0.7132493480298894;
  0.4960840451683125, 0.7506974735829641, -0.4362956833222151;
  0.5294038886120445, 0.731467982820161, -0.4297512220243832;
  0.5424109558044357, 0.7209822616348439, -0.4312481112204714;
  0.5461573699349703, 0.7012558002347142, -0.45820566332476353;
  0.5859409961133327, 0.7357021200393731, -0.339728626470139;
  0.5691209892491781, 0.6802891133703115, -0.46185281402831396;
  0.5854061892222637, 0.6836397665675189, -0.43581677708387423;
  0.534070760790403, 0.6153717320459127, -0.5797292936082957;
  0.567408694197849, 0.627529895780871, -0.5331543900690878;
  0.47168985706262345, 0.5142775793889275, -0.7162592059318381;
  0.46016277656234145, 0.4928307749860078, -0.7384903833450559;
  0.4752048392575554, 0.4182852719872841, -0.774091591470108;
  0.6785732745476952, 0.6139315810855642, -0.40326954362485345;
  0.5777586327222015, 0.505827576385, -0.6405727322353405;
  0.6385008913910999, 0.5456757324988135, -0.5427288518723269;
  0.5826538727669888, 0.4852193833814483, -0.6519789985425579;
  0.5789193380551622, 0.4230614455723916, -0.6970447713712306;
  0.6209029415753891, 0.4594049030588921, -0.6351587771482646;
  0.6159870108158519, 0.4538317100968239, -0.643891901965496;
  0.6159870108158519, 0.4538317100968239, -0.643891901965496;
  0.6253297426809542, 0.4324875719696359, -0.6495515476160308;
  0.6194321976594162, 0.4252328765901192, -0.659909655308754;
  0.3956420605535315, 0.21523019073095176, -0.8928288329343278;
  0.651438294249474, 0.44431788373104486, -0.6149876153079031;
  0.6307098911550054, 0.41892385421610545, -0.6532287788883496;
  0.5599443524065093, 0.33672476583973315, -0.7570196525046308;
  0.43106672083873154, 0.2023785893908332, -0.8793317853583593;
  0.6852021600911588, 0.35395199548421075, -0.6365657740557179;
  0.8369539779239749, 0.4510489769945996, -0.3099400896776017;
  0.8369539779239749, 0.4510489769945996, -0.3099400896776017;
  0.7884602312811254, 0.28287592027916636, -0.5461791623765309;
  0.7002474136486366, 0.11806689163390555, -0.7040694346286471;
  -0.806382626078818, 0.40886809272690294, -0.4272867223634428;
  -0.8024509085836259, 0.40815833883047486, -0.43529221191799466;
  -0.7918411639525126, 0.41368866323931386, -0.4492763748268985;
  -0.7884306136770577, 0.4437558379648138, -0.42597878314414234;
  -0.7403865496788398, 0.49681140282329106, -0.4527760893415384;
  -0.798571641542749, 0.5769944410607584, -0.1713497835093536;
  -0.7454324145807543, 0.5720518214636107, 0.3421801117138048;
  -0.7308488564983369, 0.5950219096003861, -0.33437834267575317;
  -0.6956968142677675, 0.6039652822041823, -0.3888854336558541;
  -0.6913402626883116, 0.6186840774220778, -0.3732005540328802;
  -0.7006265137399827, 0.6485349694179342, -0.2975313121112413;
  -0.7078417768607927, 0.6658567510081561, -0.23578550860351485;
  -0.6678875396105745, 0.6408280586663965, -0.3785044698002797;
  -0.6678875396105745, 0.6408280586663965, -0.3785044698002797;
  -0.7193658175966878, 0.6723116948600308, 0.17467056256817162;
  -0.7159411474177692, 0.6784067444307346, -0.16490167538572872;
  -0.6514473337638305, 0.6394757001095874, -0.40827343815309564;
