features_l = [
  -0.773870846522069, 0.5614371040378157, -0.29310798541296573;
  -0.6385393093327029, 0.41609132658003156, -0.6474067951309936;
  -0.6080230343895978, 0.4279673081347916, -0.6686942296891205;
  -0.6888570254134027, 0.6529246636522527, -0.3149053542466237;
  -0.5982347711469755, 0.5653661112026445, -0.5678699841463051;
  -0.6895074392442494, 0.6646113337853174, -0.28787369840077276;
  -0.6491259266292044, 0.6752659320980899, -0.35021629363219875;
  -0.5825184756282313, 0.6541042539429563, -0.4825140936029644;
  -0.6230885285734519, 0.7062075185509981, -0.3362017642758771;
  -0.6106111434583289, 0.6982288096791675, -0.3736717286851188;
  -0.5972362327660584, 0.7202927807465753, -0.35282742562869523;
  -0.596178270265656, 0.7421291136480361, -0.3062937295130783;
  -0.4855830818324263, 0.7371464818935067, -0.46991928548437883;
  -0.46866551909085136, 0.7406731045027196, -0.4814104106493815;
  -0.4702046782915562, 0.7769312831576044, -0.41867092299777936;
  -0.45807305788105296, 0.783280155441909, -0.42028713010797814;
  -0.42224111538661, 0.7729387344882734, -0.47358014443675506;
  -0.44332749470873056, 0.8141145331267182, -0.3750710057937645;
  -0.33069767617767676, 0.7974287583190238, -0.5047241052064626;
  -0.411238120619594, 0.8719859220045948, -0.2655630997993902;
  -0.411238120619594, 0.8719859220045948, -0.2655630997993902;
  -0.39627955222629374, 0.8743071609852785, -0.2802668455903952;
  -0.23265278483571059, 0.7974326487382968, -0.5567529545807662;
  -0.30321490232384324, 0.8627207247538227, -0.40468960215081035;
  -0.3512802268094359, 0.8932777219909361, -0.280458755697509;
  -0.3530357272828807, 0.897847700736973, -0.2631259803652588;
  -0.32214617915522153, 0.8946314735558532, -0.3096067922042003;
  -0.33944196135468474, 0.9005879844694746, -0.27151507711523876;
  -0.2743314992467182, 0.8949724690187161, -0.35180464496591135;
  -0.12338372897060043, 0.7923857957733387, -0.59741209067273;
  -0.3394185228288393, 0.9005915837123544, -0.2715324395116761;
  -0.3096829822272114, 0.8835095265818399, -0.3514361491907082;
  -0.30341379373272837, 0.8626611914057954, -0.40466744200027627;
  -0.22991206039598333, 0.8229334431830982, -0.5195392117783643;
  -0.22991206039598333, 0.8229334431830982, -0.5195392117783643;
  -0.21690495529830603, 0.8428351445513067, -0.4925252881591135;
  -0.17120899199701978, 0.8832033486801182, -0.43662263562439124;
  -0.1633039992013654, 0.7318042099504232, -0.661660337441861;
  -0.12882005254613313, 0.7294194112675672, -0.6718278920438532;
  -0.11392821278656647, 0.7325260756339409, -0.6711377733726487;
  -0.06604856752656925, 0.8741800621920942, -0.4810891867351776;
  -0.06299051058582686, 0.8665182524831625, -0.495154838095785;
  -0.0360347191548223, 0.7718174698444699, -0.6348222524914466;
  -0.015684186102171517, 0.9186254557645721, -0.3948180319180527;
  -0.01096769113354647, 0.6960094708160852, -0.7179488326374743;
  -0.004969324776690144, 0.7510388817724422, -0.6602392777450183;
  -0.004969324776690144, 0.7510388817724422, -0.6602392777450183;
  -0.003885628718915693, 0.7592332925805306, -0.650806967792129;
  0.008450969052218236, 0.9412798231354639, -0.3375216669788002;
  0.05128307989395251, 0.8109505467994249, -0.5828629824944317;
  0.10347229642606104, 0.8963804529065926, -0.4310400996650883;
  0.11155845178307303, 0.9160803046359154, -0.385164363997933;
  0.1310857955371031, 0.7418316873141321, -0.6576490415906288;
  0.13511740981575793, 0.621561870452054, -0.7716243430354077;
  0.13461519376461747, 0.9288134537633819, -0.34523081802737793;
  0.14615084361023345, 0.949319169267243, -0.27826793881755174;
  0.1951303768286509, 0.8699182181898611, -0.452953010476899;
  0.23616052545045538, 0.8339634438015614, -0.49873157171128135;
  0.27714398624416525, 0.7425458222138339, -0.6097679171631412;
  0.28434059424696534, 0.6876572685640885, -0.6680403486723386;
  0.2534199589201341, 0.9267744793418364, -0.27724968685570345;
  0.30890472706011746, 0.7342663765659946, -0.6045086912895128;
  0.2961133042315577, 0.908620564636032, -0.2944920721811834;
  0.18115637108552943, 0.6687983277584691, -0.7210347883442222;
  0.2766203177848599, 0.7424847248601545, -0.6100800219134731;
  0.28411066270861146, 0.6878925903920803, -0.6678958866611975;
  0.4515050099638519, 0.8260769288200194, -0.33725381191148396;
  0.4515050099638519, 0.8260769288200194, -0.33725381191148396;
  0.5015115870421853, 0.7677608640610382, -0.3987848839646217;
  0.41526052929621476, 0.6876867774200474, -0.5955212749938138;
  0.5500814728425757, 0.7687479706043739, -0.32624673320509945;
  0.5500814728425757, 0.7687479706043739, -0.32624673320509945;
  0.5185891428271158, 0.7350326158573967, -0.43679784176168984;
  0.4948636805378528, 0.6523225305903291, -0.5740951608999671;
  0.5945800422248043, 0.7245501615595626, -0.3485708489991118;
  0.5286712685073744, 0.621458528524131, -0.5781833508320915;
  0.5200734614184517, 0.6123208376470625, -0.5954719023693982;
  0.5937590903151982, 0.6176764972214589, -0.5156800242866668;
  0.4592136877726199, 0.4787723119575452, -0.7482645670249913;
  0.6559950372907087, 0.6342023882149541, -0.40921613095332676;
  0.27365050070820296, 0.2342554409854827, -0.9328664383666329;
  0.536491155864504, 0.49035048340194676, -0.6868286854133611;
  0.5464239992120785, 0.4904262308238023, -0.6788983172795738;
  0.6387228029707164, 0.5849305250706968, -0.4998894495843558;
  0.5591226281236686, 0.48378181442792245, -0.673303083870042;
  0.5966825665015179, 0.5210717204745526, -0.6102902399308475;
  0.3919356908599263, 0.25282196950099917, -0.8845719111343001;
  0.4087897452814788, 0.24825916290004382, -0.8782131473559669;
  0.42759758674863985, 0.2370030159474833, -0.8723473357777488;
  0.5993980942710299, 0.3978681201638036, -0.6945666876129164;
  0.4341575488403192, 0.2277044954768997, -0.8715835505128446;
  0.683687567193543, 0.4701410561236646, -0.55815651730666;
  0.7136321685545044, 0.49940177947284964, -0.49125043578967614;
  0.5898424165364583, 0.3576054137973636, -0.7240195381875048;
  0.6850307227822436, 0.43992075280920023, -0.580691518874026;
  0.6683528208732439, 0.4106100654363603, -0.620245016903099;
  0.6414016986505813, 0.3710546014547762, -0.6715075157489945;
  0.7652175550428841, 0.32716902301496664, -0.5544389270547504;
  -0.7804334013542844, 0.4690609614485232, -0.41340720905128087;
  -0.8070831189684329, 0.5872175313771932, -0.061582545574712995;
  -0.7633341941003725, 0.6167719653176901, -0.19212821478192374;
  -0.7538351489732317, 0.6329825603863397, -0.17625449333069393;
  -0.7538351489732317, 0.6329825603863397, -0.17625449333069393;
  -0.701348339128273, 0.6588435823481915, -0.2720949121182072;
  -0.7169569504099857, 0.6815314907754703, -0.14658635113876833;
  -0.6958067148622926, 0.6918509443687848, -0.19286079520878513;
  -0.6546740776883485, 0.7028766550034086, -0.27814791003013056;
  -0.6600078846073183, 0.7184015135174981, -0.21974725853111524;
  -0.6474541518813806, 0.7405635557281961, -0.1799131488768212;
  -0.6105250002409475, 0.7260331294547281, -0.31644133581908207;
  -0.6217196184353225, 0.7771948041065574, -0.09712338813286249;
  -0.6020914983005885, 0.7559108701003152, -0.25706922051917597;
  -0.6011722113718021, 0.761967992236338, -0.24082514628182256;
  -0.5770437335516501, 0.800713934227598, -0.1608655497691599;
  -0.5372872608274727, 0.7695288068996324, -0.3451779464336324;
  -0.5391271017250181, 0.8396894435118952, -0.06529629882516892;
  -0.4706257343505654, 0.7858751542697241, -0.4011379564046868;
  -0.5060416109684912, 0.8604168766369661, -0.060039040354606575;
  -0.4432970042164984, 0.8142650875840378, -0.37478011312559933;
  -0.4476133511253956, 0.8285292457252358, -0.33642469717942103;
  -0.45156563309376285, 0.8363084990552685, -0.3109285664208952;
  -0.41077414092717185, 0.8672303493073604, -0.2813825267954245;
  -0.38228129973863045, 0.8339054717169064, -0.3980737018577682;
  -0.40364885080751817, 0.8680344656915037, -0.2891085810096884;
